$ANSIBLE_VAULT;1.1;AES256
30306466313762646636396239363561356161366639366535393666346636613366633163323737
3234343635366436663432366333373631353861623330330a356163386232626233393464613733
32383263346639396461663634363565343164633463326461373561383330346535346136376638
6263616434646632310a623431326532666130313562346466656165633733383865353931336230
34353132343335633838393364386631303364613339633439633432653363313462383135366666
64653138306232623161666163373838346134326135383131393666656564633030623837646431
31656338363565636638356631373939343337303230363038346161303163383235363831613839
34643835306430373831316130323337353264366139666463633036656337663230656530306237
34386533613330343063343439373336386533386533303265336439613337386532626561623034
37333533313433323932623263643266303938633464353961616465353662343662343765666130
33306634663730663461653436353730386461396666303330646430326336653063366663393231
32663932656130343736
